4
5
4
6
5
6
4
7
5
7
4
8
5
8
75
22
76
23
76
24
76
25
77
25
84
25
85
25
88
25
90
25
77
26
81
26
82
26
84
26
77
27
78
27
79
27
80
27
81
27
82
27
85
27
77
28
78
28
79
28
80
28
81
28
94
28
75
29
76
29
78
29
79
29
80
29
81
29
82
29
72
30
73
30
79
30
80
30
81
30
85
30
89
30
95
30
70
31
71
31
78
31
79
31
80
31
81
31
96
31
64
32
67
32
68
32
69
32
73
32
74
32
79
32
80
32
81
32
88
32
90
32
97
32
63
33
64
33
65
33
66
33
69
33
73
33
79
33
81
33
82
33
87
33
89
33
98
33
99
33
61
34
65
34
66
34
78
34
79
34
80
34
81
34
92
34
95
34
99
34
100
34
58
35
59
35
60
35
63
35
64
35
79
35
80
35
81
35
82
35
84
35
94
35
100
35
101
35
57
36
58
36
59
36
61
36
67
36
68
36
79
36
80
36
81
36
82
36
83
36
87
36
99
36
101
36
102
36
55
37
56
37
57
37
67
37
75
37
79
37
81
37
85
37
86
37
87
37
88
37
93
37
96
37
102
37
103
37
55
38
56
38
57
38
58
38
66
38
67
38
68
38
75
38
79
38
82
38
90
38
93
38
97
38
103
38
104
38
55
39
56
39
57
39
58
39
66
39
67
39
68
39
79
39
80
39
88
39
90
39
98
39
101
39
104
39
56
40
59
40
66
40
67
40
68
40
79
40
82
40
85
40
94
40
95
40
101
40
102
40
103
40
104
40
105
40
58
41
59
41
61
41
64
41
65
41
66
41
67
41
68
41
82
41
88
41
93
41
94
41
99
41
102
41
103
41
104
41
105
41
58
42
61
42
63
42
64
42
65
42
67
42
68
42
82
42
83
42
87
42
90
42
91
42
95
42
96
42
103
42
104
42
105
42
57
43
58
43
59
43
62
43
65
43
68
43
79
43
83
43
89
43
95
43
102
43
104
43
105
43
64
44
65
44
66
44
67
44
85
44
94
44
101
44
103
44
60
45
67
45
79
45
81
45
83
45
84
45
85
45
87
45
88
45
95
45
99
45
103
45
57
46
66
46
67
46
68
46
79
46
83
46
94
46
99
46
102
46
103
46
57
47
60
47
61
47
63
47
64
47
66
47
67
47
79
47
85
47
86
47
95
47
103
47
58
48
61
48
68
48
69
48
79
48
81
48
83
48
103
48
59
49
64
49
65
49
79
49
85
49
87
49
88
49
90
49
93
49
94
49
96
49
102
49
57
50
59
50
64
50
65
50
68
50
79
50
80
50
83
50
86
50
96
50
97
50
100
50
57
51
58
51
59
51
60
51
79
51
80
51
81
51
83
51
95
51
98
51
100
51
101
51
102
51
103
51
58
52
59
52
60
52
61
52
64
52
66
52
67
52
80
52
81
52
87
52
100
52
102
52
58
53
63
53
64
53
65
53
66
53
67
53
80
53
81
53
86
53
95
53
99
53
102
53
103
53
57
54
58
54
59
54
82
54
83
54
90
54
99
54
100
54
101
54
102
54
103
54
57
55
58
55
62
55
81
55
83
55
93
55
97
55
102
55
8
56
9
56
13
56
14
56
60
56
61
56
65
56
67
56
68
56
81
56
83
56
96
56
99
56
101
56
4
57
6
57
7
57
8
57
9
57
13
57
14
57
16
57
17
57
18
57
80
57
82
57
83
57
84
57
88
57
93
57
101
57
102
57
103
57
3
58
4
58
5
58
8
58
9
58
11
58
12
58
14
58
16
58
17
58
19
58
20
58
21
58
22
58
59
58
60
58
63
58
64
58
68
58
82
58
83
58
84
58
90
58
102
58
103
58
4
59
5
59
6
59
7
59
8
59
9
59
10
59
11
59
12
59
18
59
19
59
20
59
22
59
23
59
24
59
25
59
26
59
63
59
64
59
65
59
81
59
82
59
83
59
86
59
91
59
98
59
100
59
102
59
6
60
8
60
9
60
10
60
11
60
12
60
14
60
17
60
21
60
22
60
23
60
24
60
25
60
26
60
28
60
29
60
58
60
59
60
61
60
81
60
83
60
84
60
91
60
92
60
102
60
3
61
4
61
5
61
6
61
7
61
9
61
10
61
11
61
13
61
22
61
25
61
26
61
31
61
32
61
56
61
57
61
58
61
59
61
65
61
66
61
81
61
82
61
83
61
84
61
3
62
4
62
6
62
7
62
8
62
10
62
11
62
12
62
13
62
14
62
15
62
18
62
24
62
33
62
34
62
35
62
57
62
59
62
81
62
82
62
97
62
103
62
7
63
8
63
9
63
10
63
11
63
12
63
13
63
22
63
25
63
33
63
36
63
37
63
38
63
56
63
57
63
58
63
61
63
62
63
63
63
81
63
83
63
84
63
93
63
94
63
102
63
3
64
6
64
7
64
8
64
9
64
10
64
12
64
13
64
15
64
22
64
26
64
34
64
38
64
39
64
40
64
59
64
62
64
63
64
69
64
77
64
78
64
80
64
82
64
83
64
87
64
3
65
4
65
11
65
12
65
13
65
14
65
18
65
29
65
41
65
42
65
56
65
57
65
61
65
62
65
66
65
67
65
73
65
79
65
81
65
82
65
83
65
84
65
86
65
88
65
89
65
16
66
17
66
41
66
42
66
43
66
44
66
56
66
59
66
62
66
63
66
68
66
70
66
80
66
82
66
83
66
84
66
85
66
86
66
93
66
95
66
101
66
102
66
20
67
21
67
22
67
24
67
29
67
42
67
43
67
44
67
45
67
46
67
57
67
58
67
59
67
62
67
70
67
83
67
85
67
87
67
88
67
90
67
93
67
95
67
96
67
97
67
101
67
21
68
24
68
29
68
31
68
35
68
42
68
45
68
46
68
47
68
56
68
57
68
58
68
59
68
60
68
81
68
83
68
86
68
89
68
91
68
102
68
6
69
8
69
9
69
10
69
11
69
18
69
19
69
21
69
23
69
25
69
26
69
27
69
28
69
30
69
36
69
37
69
45
69
46
69
47
69
49
69
50
69
52
69
53
69
55
69
56
69
57
69
59
69
62
69
63
69
64
69
72
69
73
69
74
69
81
69
84
69
87
69
88
69
101
69
15
70
17
70
23
70
26
70
29
70
30
70
47
70
48
70
50
70
51
70
52
70
53
70
55
70
56
70
57
70
58
70
59
70
60
70
63
70
83
70
86
70
88
70
103
70
9
71
13
71
14
71
25
71
30
71
31
71
32
71
34
71
35
71
36
71
47
71
48
71
49
71
50
71
52
71
53
71
59
71
60
71
61
71
64
71
67
71
70
71
78
71
89
71
94
71
103
71
7
72
8
72
17
72
21
72
22
72
27
72
30
72
32
72
33
72
34
72
35
72
39
72
44
72
45
72
46
72
49
72
50
72
51
72
52
72
54
72
59
72
60
72
61
72
62
72
68
72
69
72
70
72
73
72
74
72
75
72
97
72
98
72
102
72
103
72
104
72
3
73
21
73
22
73
32
73
33
73
35
73
38
73
45
73
46
73
50
73
61
73
64
73
66
73
67
73
71
73
82
73
85
73
87
73
90
73
95
73
96
73
97
73
102
73
103
73
104
73
105
73
3
74
15
74
18
74
23
74
25
74
32
74
35
74
36
74
37
74
49
74
50
74
52
74
53
74
54
74
55
74
64
74
72
74
80
74
81
74
97
74
100
74
101
74
102
74
103
74
104
74
105
74
7
75
8
75
9
75
11
75
12
75
13
75
21
75
26
75
30
75
32
75
33
75
34
75
35
75
36
75
37
75
40
75
43
75
44
75
52
75
53
75
54
75
55
75
71
75
72
75
78
75
79
75
80
75
81
75
82
75
83
75
85
75
87
75
96
75
97
75
98
75
102
75
103
75
105
75
107
75
7
76
16
76
17
76
18
76
19
76
22
76
24
76
33
76
34
76
37
76
49
76
55
76
56
76
57
76
58
76
62
76
70
76
71
76
72
76
74
76
81
76
82
76
85
76
93
76
94
76
96
76
97
76
102
76
103
76
104
76
105
76
106
76
108
76
109
76
5
77
17
77
24
77
27
77
28
77
29
77
30
77
31
77
32
77
33
77
34
77
35
77
36
77
37
77
38
77
40
77
46
77
50
77
51
77
53
77
54
77
55
77
56
77
57
77
58
77
59
77
60
77
61
77
64
77
80
77
81
77
83
77
86
77
93
77
94
77
95
77
101
77
102
77
103
77
105
77
107
77
108
77
110
77
8
78
20
78
21
78
22
78
24
78
26
78
27
78
28
78
29
78
30
78
35
78
36
78
37
78
38
78
45
78
46
78
49
78
53
78
54
78
55
78
56
78
58
78
60
78
61
78
62
78
63
78
65
78
66
78
67
78
72
78
74
78
79
78
81
78
82
78
83
78
84
78
85
78
87
78
90
78
93
78
94
78
100
78
103
78
106
78
107
78
110
78
111
78
112
78
113
78
4
79
6
79
11
79
14
79
15
79
16
79
17
79
19
79
20
79
21
79
22
79
23
79
24
79
25
79
36
79
37
79
45
79
46
79
48
79
49
79
50
79
52
79
53
79
54
79
55
79
56
79
57
79
58
79
59
79
62
79
64
79
76
79
78
79
80
79
81
79
82
79
83
79
84
79
85
79
86
79
93
79
96
79
97
79
98
79
105
79
106
79
108
79
109
79
112
79
114
79
115
79
3
80
4
80
5
80
6
80
7
80
8
80
10
80
11
80
12
80
13
80
16
80
17
80
22
80
24
80
25
80
35
80
44
80
45
80
50
80
51
80
54
80
57
80
58
80
60
80
70
80
72
80
78
80
79
80
80
80
81
80
83
80
86
80
89
80
90
80
92
80
102
80
103
80
105
80
106
80
107
80
116
80
117
80
3
81
5
81
7
81
8
81
9
81
10
81
11
81
12
81
13
81
14
81
17
81
18
81
19
81
20
81
22
81
23
81
34
81
35
81
36
81
37
81
45
81
46
81
47
81
48
81
54
81
55
81
56
81
58
81
59
81
60
81
61
81
72
81
75
81
77
81
79
81
80
81
82
81
83
81
84
81
85
81
86
81
87
81
88
81
90
81
92
81
118
81
119
81
4
82
10
82
13
82
15
82
16
82
17
82
18
82
19
82
20
82
21
82
22
82
28
82
29
82
30
82
35
82
36
82
37
82
49
82
50
82
53
82
56
82
57
82
58
82
59
82
60
82
63
82
64
82
73
82
80
82
81
82
82
82
84
82
85
82
86
82
87
82
88
82
98
82
120
82
4
83
5
83
7
83
8
83
9
83
10
83
11
83
12
83
16
83
22
83
48
83
56
83
57
83
59
83
61
83
62
83
66
83
67
83
69
83
72
83
75
83
77
83
83
83
85
83
87
83
88
83
98
83
104
83
105
83
106
83
121
83
3
84
5
84
8
84
10
84
12
84
13
84
15
84
18
84
19
84
20
84
21
84
22
84
23
84
24
84
37
84
38
84
49
84
51
84
54
84
56
84
57
84
59
84
60
84
61
84
62
84
67
84
68
84
69
84
70
84
71
84
72
84
73
84
74
84
75
84
78
84
79
84
80
84
84
84
85
84
86
84
87
84
88
84
92
84
93
84
107
84
110
84
121
84
122
84
3
85
4
85
6
85
7
85
8
85
13
85
14
85
15
85
16
85
17
85
18
85
19
85
20
85
21
85
26
85
27
85
36
85
51
85
52
85
53
85
54
85
57
85
59
85
60
85
69
85
70
85
71
85
72
85
73
85
74
85
75
85
76
85
78
85
80
85
81
85
82
85
83
85
85
85
86
85
89
85
91
85
92
85
93
85
94
85
104
85
108
85
109
85
122
85
123
85
3
86
10
86
11
86
12
86
17
86
20
86
28
86
29
86
30
86
31
86
32
86
33
86
34
86
35
86
54
86
55
86
58
86
64
86
68
86
69
86
70
86
71
86
72
86
73
86
76
86
89
86
92
86
93
86
94
86
99
86
100
86
101
86
102
86
103
86
105
86
108
86
110
86
113
86
123
86
124
86
5
87
7
87
8
87
10
87
12
87
15
87
17
87
18
87
19
87
20
87
22
87
23
87
29
87
35
87
36
87
37
87
38
87
57
87
58
87
61
87
62
87
68
87
70
87
71
87
72
87
74
87
75
87
79
87
82
87
90
87
93
87
94
87
96
87
97
87
100
87
102
87
103
87
109
87
3
88
4
88
6
88
14
88
17
88
18
88
19
88
21
88
22
88
36
88
38
88
39
88
43
88
56
88
57
88
59
88
66
88
67
88
68
88
70
88
73
88
74
88
75
88
77
88
79
88
82
88
85
88
88
88
90
88
91
88
93
88
94
88
95
88
96
88
108
88
6
89
7
89
8
89
9
89
10
89
13
89
14
89
22
89
30
89
34
89
35
89
43
89
44
89
55
89
57
89
58
89
59
89
60
89
63
89
68
89
70
89
71
89
72
89
73
89
74
89
75
89
76
89
89
89
92
89
102
89
113
89
114
89
115
89
3
90
4
90
11
90
13
90
14
90
16
90
18
90
21
90
22
90
26
90
27
90
59
90
60
90
61
90
63
90
71
90
72
90
78
90
79
90
80
90
81
90
82
90
83
90
84
90
85
90
95
90
112
90
114
90
12
91
13
91
14
91
15
91
17
91
18
91
19
91
22
91
23
91
24
91
25
91
26
91
27
91
41
91
55
91
56
91
57
91
60
91
64
91
65
91
66
91
67
91
68
91
70
91
78
91
79
91
81
91
82
91
84
91
85
91
87
91
88
91
90
91
91
91
92
91
99
91
115
91
9
92
16
92
18
92
20
92
21
92
22
92
23
92
24
92
32
92
33
92
52
92
55
92
57
92
58
92
61
92
62
92
64
92
67
92
69
92
74
92
76
92
77
92
78
92
86
92
88
92
89
92
91
92
92
92
95
92
99
92
104
92
106
92
115
92
8
93
10
93
11
93
12
93
13
93
15
93
16
93
17
93
19
93
21
93
22
93
51
93
52
93
54
93
57
93
59
93
60
93
61
93
62
93
63
93
66
93
68
93
69
93
70
93
71
93
76
93
77
93
78
93
79
93
80
93
84
93
85
93
87
93
88
93
89
93
90
93
114
93
116
93
9
94
11
94
12
94
13
94
14
94
18
94
19
94
21
94
22
94
40
94
49
94
54
94
55
94
57
94
58
94
59
94
60
94
61
94
62
94
64
94
65
94
66
94
67
94
68
94
70
94
71
94
72
94
73
94
76
94
77
94
78
94
79
94
80
94
81
94
84
94
85
94
86
94
87
94
88
94
89
94
90
94
93
94
94
94
97
94
104
94
105
94
106
94
109
94
111
94
112
94
113
94
114
94
116
94
3
95
6
95
7
95
8
95
9
95
10
95
13
95
14
95
15
95
18
95
19
95
22
95
23
95
34
95
41
95
58
95
61
95
62
95
63
95
65
95
66
95
69
95
72
95
74
95
79
95
84
95
88
95
89
95
90
95
98
95
99
95
106
95
107
95
111
95
115
95
3
96
4
96
5
96
6
96
10
96
15
96
16
96
17
96
39
96
41
96
46
96
53
96
56
96
57
96
60
96
61
96
62
96
63
96
65
96
66
96
67
96
68
96
70
96
71
96
72
96
73
96
75
96
76
96
77
96
78
96
79
96
81
96
88
96
89
96
99
96
106
96
114
96
115
96
116
96
118
96
9
97
10
97
11
97
12
97
40
97
46
97
53
97
54
97
58
97
59
97
60
97
61
97
64
97
65
97
66
97
67
97
68
97
69
97
70
97
71
97
72
97
75
97
76
97
77
97
79
97
80
97
84
97
86
97
87
97
89
97
93
97
103
97
106
97
107
97
108
97
109
97
110
97
111
97
112
97
113
97
114
97
3
98
4
98
7
98
8
98
9
98
10
98
11
98
52
98
58
98
60
98
62
98
63
98
65
98
67
98
68
98
69
98
71
98
72
98
75
98
77
98
80
98
84
98
85
98
87
98
107
98
108
98
115
98
117
98
121
98
3
99
4
99
5
99
6
99
8
99
35
99
41
99
55
99
56
99
62
99
64
99
65
99
66
99
74
99
77
99
78
99
79
99
80
99
82
99
88
99
99
99
101
99
104
99
105
99
106
99
107
99
108
99
109
99
110
99
112
99
113
99
115
99
116
99
117
99
118
99
120
99
4
100
5
100
53
100
54
100
57
100
58
100
59
100
66
100
69
100
73
100
74
100
76
100
78
100
81
100
82
100
90
100
104
100
105
100
107
100
108
100
110
100
111
100
112
100
113
100
114
100
115
100
116
100
119
100
51
101
52
101
54
101
59
101
60
101
61
101
64
101
68
101
70
101
72
101
73
101
74
101
76
101
78
101
84
101
86
101
87
101
92
101
95
101
99
101
100
101
101
101
102
101
103
101
104
101
106
101
107
101
108
101
111
101
112
101
114
101
115
101
116
101
117
101
48
102
51
102
53
102
63
102
75
102
77
102
79
102
80
102
83
102
84
102
85
102
86
102
90
102
91
102
92
102
94
102
96
102
97
102
98
102
99
102
100
102
101
102
102
102
103
102
105
102
106
102
108
102
109
102
111
102
112
102
113
102
114
102
115
102
116
102
117
102
51
103
52
103
53
103
58
103
60
103
63
103
68
103
70
103
82
103
83
103
84
103
85
103
86
103
88
103
89
103
90
103
91
103
93
103
94
103
95
103
96
103
99
103
100
103
101
103
103
103
104
103
105
103
106
103
107
103
108
103
109
103
110
103
111
103
112
103
113
103
114
103
115
103
117
103
38
104
53
104
54
104
56
104
57
104
59
104
60
104
65
104
67
104
68
104
73
104
76
104
83
104
84
104
85
104
86
104
87
104
88
104
89
104
90
104
91
104
92
104
93
104
95
104
102
104
103
104
104
104
106
104
107
104
108
104
109
104
110
104
111
104
114
104
115
104
116
104
117
104
46
105
47
105
51
105
52
105
53
105
54
105
55
105
56
105
57
105
58
105
61
105
64
105
66
105
73
105
74
105
75
105
76
105
77
105
78
105
80
105
81
105
82
105
84
105
85
105
86
105
87
105
88
105
92
105
101
105
102
105
103
105
106
105
109
105
54
106
56
106
57
106
59
106
61
106
62
106
64
106
65
106
66
106
67
106
68
106
69
106
70
106
89
106
90
106
91
106
93
106
102
106
103
106
104
106
105
106
107
106
108
106
109
106
114
106
115
106
120
106
37
107
38
107
44
107
45
107
47
107
58
107
59
107
62
107
63
107
65
107
68
107
70
107
73
107
89
107
90
107
91
107
93
107
120
107
44
108
45
108
46
108
53
108
58
108
61
108
63
108
66
108
67
108
68
108
69
108
75
108
77
108
78
108
80
108
87
108
88
108
92
108
103
108
106
108
107
108
108
108
109
108
117
108
118
108
119
108
120
108
121
108
8
109
40
109
45
109
51
109
52
109
56
109
57
109
59
109
60
109
63
109
66
109
67
109
69
109
71
109
72
109
73
109
74
109
80
109
91
109
92
109
94
109
100
109
101
109
104
109
107
109
108
109
109
109
115
109
116
109
46
110
47
110
48
110
49
110
51
110
52
110
53
110
54
110
56
110
57
110
59
110
60
110
62
110
63
110
68
110
69
110
70
110
71
110
72
110
73
110
74
110
75
110
78
110
81
110
88
110
90
110
91
110
93
110
97
110
98
110
101
110
102
110
103
110
104
110
105
110
106
110
45
111
52
111
53
111
55
111
56
111
58
111
59
111
61
111
66
111
67
111
69
111
72
111
73
111
74
111
78
111
79
111
87
111
88
111
90
111
91
111
92
111
93
111
94
111
97
111
98
111
100
111
42
112
50
112
54
112
56
112
61
112
63
112
67
112
68
112
69
112
70
112
72
112
75
112
77
112
78
112
80
112
81
112
84
112
87
112
89
112
90
112
91
112
92
112
93
112
95
112
96
112
99
112
110
112
15
113
16
113
40
113
41
113
42
113
47
113
51
113
66
113
68
113
76
113
79
113
80
113
81
113
82
113
84
113
86
113
88
113
90
113
92
113
93
113
94
113
97
113
99
113
120
113
39
114
41
114
53
114
56
114
63
114
65
114
69
114
72
114
79
114
80
114
81
114
82
114
91
114
92
114
94
114
95
114
96
114
103
114
112
114
113
114
116
114
123
114
8
115
10
115
13
115
40
115
58
115
61
115
62
115
63
115
64
115
78
115
81
115
82
115
85
115
89
115
91
115
92
115
93
115
111
115
112
115
119
115
122
115
38
116
40
116
41
116
42
116
43
116
44
116
47
116
61
116
62
116
64
116
65
116
67
116
77
116
79
116
80
116
81
116
82
116
85
116
89
116
91
116
92
116
93
116
94
116
96
116
117
116
119
116
122
116
124
116
37
117
38
117
56
117
57
117
59
117
60
117
69
117
71
117
72
117
73
117
76
117
79
117
80
117
81
117
82
117
84
117
87
117
88
117
89
117
90
117
91
117
92
117
94
117
95
117
96
117
109
117
112
117
113
117
115
117
116
117
117
117
120
117
12
118
38
118
41
118
42
118
58
118
60
118
66
118
67
118
69
118
76
118
78
118
85
118
87
118
88
118
89
118
91
118
96
118
98
118
99
118
100
118
101
118
102
118
103
118
105
118
106
118
115
118
116
118
117
118
118
118
119
118
123
118
38
119
39
119
40
119
41
119
42
119
43
119
59
119
61
119
62
119
64
119
65
119
67
119
68
119
70
119
71
119
74
119
76
119
77
119
86
119
87
119
88
119
89
119
90
119
91
119
92
119
93
119
94
119
96
119
97
119
100
119
101
119
102
119
106
119
108
119
109
119
110
119
114
119
115
119
116
119
117
119
119
119
42
120
43
120
44
120
45
120
46
120
47
120
48
120
50
120
58
120
59
120
64
120
65
120
66
120
67
120
68
120
69
120
70
120
71
120
72
120
73
120
74
120
76
120
77
120
78
120
79
120
87
120
91
120
92
120
93
120
94
120
95
120
96
120
97
120
99
120
102
120
103
120
105
120
108
120
112
120
116
120
117
120
121
120
33
121
34
121
35
121
44
121
47
121
48
121
49
121
50
121
51
121
52
121
54
121
55
121
57
121
58
121
59
121
60
121
66
121
67
121
95
121
96
121
98
121
99
121
100
121
101
121
102
121
103
121
105
121
106
121
107
121
108
121
109
121
110
121
111
121
112
121
113
121
114
121
115
121
119
121
123
121
44
122
48
122
49
122
52
122
53
122
54
122
55
122
56
122
57
122
60
122
61
122
62
122
63
122
65
122
66
122
67
122
71
122
74
122
77
122
78
122
80
122
81
122
82
122
83
122
84
122
85
122
86
122
89
122
92
122
93
122
95
122
96
122
99
122
106
122
108
122
111
122
114
122
121
122
123
122
44
123
53
123
54
123
55
123
56
123
57
123
58
123
60
123
62
123
63
123
64
123
65
123
66
123
67
123
70
123
76
123
78
123
83
123
86
123
89
123
91
123
93
123
94
123
100
123
101
123
103
123
104
123
105
123
106
123
112
123
116
123
118
123
119
123
17
124
53
124
56
124
57
124
60
124
63
124
65
124
67
124
71
124
72
124
77
124
78
124
79
124
84
124
92
124
93
124
95
124
98
124
99
124
100
124
101
124
102
124
103
124
104
124
106
124
107
124
109
124
110
124
111
124
112
124
113
124
116
124
117
124
119
124
120
124
121
124
